password123
12345678
123456789
1234567890
12345678#
12345678##
12345678$$
87654321
876543211*
87654321#
87654321*
87654321$$
adminadmin
admin1234
admin12345
administrator
11111111
22222222
33333333
44444444
87654321*
55555555
66666666
77777777
88888888
99999999
00000000
11223344
1122334455
112233445566
iloveyou123
letmein123
qwertyuiop
passw0rd!
abc123456
superman123
batman2024
homewifi123
securepass
supersecure
mypassword1
yourpassword
internet123
wifipassword
mywifi2024
defaultpass
welcomewifi
network2024
112233445
9988776655
12233344
1122334455
112233445566
11223344
1122334455667
1122334455
112233445
11223344
12233344
122333444
11223344
998877665
12233344
1223334444555
122333444
99887766554
122333444455
1122334455667
1122334455667
11223344556
112233445
9988776655443
1122334455667
1223334444555
12233344
1223334444555
9988776655
122333444
99887766
99887766
99887766554
112233445
1122334455667
112233445566
12233344
12233344
9988776655
1223334444
998877665544
99887766554
11223344
11223344556
11223344
112233445
12233344445
11223344556
122333444455
1223334444555
99887766
9988776655443
1122334455667
122333444
998877665544
99887766
99887766554
112233445
9988776655443
9988776655
1122334455
122333444
998877665
11223344556
998877665
12233344445
112233445
112233445566
11223344
1223334444
12233344
99887766554
9988776655443
1122334455
11223344556
1122334455
122333444
998877665
11223344
12233344445
9988776655443
1122334455667
112233445
122333444
112233445566
9988776655443
112233445
112233445
9988776655443
12233344445
112233445566
1122334455
11223344
11223344
998877665
9988776655
9988776655
11223344
99887766
9988776655
12233344
1122334455
122333444455
1122334455667
12233344
112233445
112233445566
1223334444555
112233445566
998877665544
1122334455
12233344
9988776655
998877665544
1122334455
1122334455667
1223334444555
99887766554
11223344
1122334455667
998877665544
1122334455
11223344
12233344445
99887766
1122334455667
1122334455
122333444
99887766554
122333444
12233344
9988776655443
1223334444555
99887766554
112233445
998877665544
998877665544
1223334444
99887766554
998877665
122333444455
112233445566
1122334455667
9988776655
99887766
99887766
11223344556
1122334455667
1223334444555
11223344
112233445566
1122334455
9988776655
1122334455
9988776655
122333444455
9988776655
122333444
998877665
122333444455
122333444455
122333444
998877665544
11223344556
9988776655
12233344
112233445566
1223334444
998877665
122333444455
99887766
11223344556
1223334444
99887766
1122334455667
122333444455
998877665
99887766554
122333444455
998877665
11223344
1223334444
99887766554
112233445
99887766554
11223344556
998877665
99887766
12233344
998877665544
998877665544
1223334444555
122333444
1223334444
12233344
99887766554
998877665
998877665
9988776655
9988776655443
99887766
112233445566
12233344445
1223334444555
1122334455
12233344
9988776655443
9988776655
1223334444
122333444
998877665
112233445
998877665
1122334455
12233344445
9988776655
9988776655
112233445566
12233344445
11223344
1122334455667
12233344
12233344
12233344445
11223344556
122333444455
99887766
998877665
12233344445
11223344
1122334455667
122333444455
112233445566
112233445566
998877665
9988776655443
998877665544
1223334444555
998877665544
9988776655443
9988776655
11223344
12233344445
9988776655
11223344
112233445
1223334444555
9988776655443
998877665
122333444
122333444
1122334455667
122333444455
99887766554
1122334455667
1223334444555
9988776655443
122333444455
998877665
998877665
1223334444555
1122334455
122333444455
99887766554
122333444455
9988776655443
9988776655
112233445566
1122334455
11223344
998877665544
9988776655443
99887766554
112233445
112233445
11223344556
1223334444
99887766554
122333444
11223344556
99887766554
112233445
112233445566
1223334444
1223334444
1122334455
9988776655
122333444
122333444455
1122334455
1122334455667
998877665544
1223334444
9988776655
122333444
99887766
12233344
998877665
99887766
9988776655443
112233445
9988776655
998877665
998877665
998877665544
998877665
998877665
9988776655443
998877665
1122334455667
1122334455667
1122334455667
9988776655
122333444455
99887766
998877665
12233344445
12233344
9988776655
122333444455
9988776655
1223334444
9988776655
122333444455
112233445
112233445566
122333444
99887766554
12233344
9988776655
122333444
1122334455667
99887766
9988776655443
998877665544
11223344
9988776655443
1122334455
1223334444555
1122334455
122333444
112233445
11223344
112233445566
11223344556
112233445566
11223344
998877665
112233445
12233344445
122333444
112233445566
998877665
12233344445
12233344
122333444
12233344
11223344556
998877665
998877665544
112233445
112233445566
112233445566
1122334455
12233344445
122333444455
11223344
1223334444555
1122334455667
998877665
9988776655
112233445566
122333444
112233445566
9988776655443
12233344445
112233445566
12233344
11223344556
12233344
99887766554
1122334455
9988776655443
112233445
122333444
1223334444
998877665
112233445
12233344445
99887766554
12233344
99887766
112233445566
9988776655443
11223344556
122333444
998877665544
998877665544
11223344556
122333444
1223334444555
11223344
11223344556
998877665544
1223334444555
1122334455667
11223344
1122334455
9988776655
11223344
1122334455
11223344556
122333444455
12233344445
99887766
1223334444
112233445566
1122334455667
1223334444
1122334455
9988776655443
99887766554
1223334444555
9988776655443
99887766554
11223344556
9988776655443
11223344556
99887766554
11223344556
122333444455
998877665544
12233344
11223344556
122333444455
122333444
99887766
99887766
9988776655443
11223344556
11223344
9988776655
998877665
12233344445
9988776655
122333444
12233344
11223344556
112233445
9988776655443
12233344
1223334444555
99887766554
11223344556
9988776655
1122334455
122333444
9988776655
1223334444
998877665544
112233445566
11223344556
1223334444
9988776655443
12233344
998877665
12233344
9988776655443
11223344556
11223344556
122333444
112233445
9988776655
1122334455667
122333444
99887766554
998877665
9988776655443
998877665
12233344445
122333444455
1122334455
112233445566
1223334444
99887766554
12233344445
112233445
1122334455
112233445566
122333444
12233344445
9988776655443
99887766554
99887766
11223344556
122333444455
122333444
998877665
9988776655443
998877665544
12233344
12233344445
112233445566
1122334455667
998877665544
12233344445
1122334455
11223344556
12233344445
12233344445
99887766
9988776655
99887766554
122333444
1122334455667
998877665544
11223344
99887766554
9988776655
9988776655443
12233344
112233445566
99887766
1122334455
12233344445
1122334455
11223344556
1122334455667
1122334455667
99887766
12233344
12233344445
998877665544
99887766554
998877665544
1223334444555
112233445566
1122334455
9988776655
9988776655
998877665
11223344556
1223334444555
998877665544
122333444455
998877665544
998877665
112233445566
122333444455
1223334444
1122334455
99887766554
9988776655443
12233344
9988776655443
9988776655443
122333444455
998877665
12233344445
122333444455
1122334455
998877665
122333444
112233445566
11223344
1223334444555
11223344556
99887766
11223344
9988776655
112233445566
1122334455
99887766554
1122334455667
112233445
112233445
998877665
9988776655443
998877665
9988776655443
99887766
1223334444555
112233445566
1122334455667
9988776655
11223344556
99887766
12233344
1122334455667
122333444455
1122334455667
122333444455
9988776655443
12233344
122333444
112233445566
11223344
9988776655
99887766
1223334444555
112233445
1223334444
1223334444555
9988776655
1223334444555
11223344556
12233344
122333444
1223334444
11223344
1122334455
9988776655443
99887766554
1223334444
998877665544
11223344556
12233344445
99887766554
112233445566
12233344
12233344445
1223334444555
122333444455
9988776655443
9988776655
112233445566
99887766
1122334455667
122333444455
99887766554
1122334455
122333444
11223344556
112233445
1223334444555
1223334444555
122333444
1122334455667
112233445566
12233344445
99887766554
11223344556
1223334444555
11223344
12233344
12233344445
998877665544
998877665
12233344445
99887766554
1122334455
1223334444
9988776655
998877665544
12233344
998877665
12233344445
1122334455
998877665
11223344556
1122334455667
11223344
9988776655
99887766554
11223344
11223344
12233344445
1223334444555
998877665
1223334444
112233445566
11223344556
11223344556
99887766
99887766554
998877665544
1122334455
12233344445
9988776655
12233344
998877665544
12233344
112233445
112233445
9988776655
1122334455
1223334444555
11223344
112233445566
9988776655443
1223334444
99887766554
998877665
9988776655
1223334444
1223334444
1122334455
1122334455667
1122334455667
99887766
112233445
99887766554
11223344556
998877665544
122333444455
1122334455
1223334444
998877665
1122334455
12233344
1122334455
998877665
99887766554
12233344
1122334455
12233344
1223334444555
998877665544
99887766
12233344
112233445566
1122334455667
1223334444
122333444455
9988776655
99887766554
122333444
112233445566
12233344445
11223344556
998877665544
11223344
12233344445
122333444455
1122334455667
122333444
99887766
12233344
99887766554
1223334444
99887766
99887766
12233344
122333444
998877665544
122333444455
112233445566
9988776655
12233344
11223344
1223334444
12233344445
1122334455
998877665
122333444455
122333444455
11223344556
1122334455667
122333444
11223344556
122333444455
12233344
998877665
112233445566
12233344
99887766554
9988776655
122333444
9988776655
12233344445
12233344445
12233344
112233445566
122333444
11223344
11223344556
99887766
122333444455
112233445566
12233344445
1122334455
9988776655443
12233344
12233344445
11223344556
11223344556
99887766
1223334444555
99887766554
9988776655443
122333444
112233445566
122333444455
11223344556
9988776655
998877665
122333444455
122333444
99887766554
9988776655443
112233445566
99887766
998877665544
12233344
122333444
998877665544
1122334455667
9988776655443
1223334444
12233344445
1122334455667
9988776655443
1122334455667
998877665544
998877665
9988776655443
99887766554
12233344
9988776655
1223334444
99887766
998877665544
11223344556
9988776655443
1223334444
998877665
1223334444
11223344556
998877665544
99887766554
12233344445
11223344
11223344556
11223344
9988776655
12233344
1122334455
12233344445
99887766
998877665
99887766
99887766554
99887766
112233445566
122333444455
12233344445
1223334444
1223334444555
99887766554
99887766
9988776655
112233445
11223344
1122334455
1122334455667
99887766
99887766
12233344445
112233445
998877665544
12233344445
112233445
122333444
112233445
9988776655
122333444455
1223334444555
122333444
99887766554
998877665544
122333444455
122333444
12233344445
9988776655443
12233344
12233344
998877665
1122334455
11223344
112233445
1223334444
1122334455
99887766
9988776655443
99887766
99887766
1122334455667
9988776655443
1122334455667
1122334455
9988776655
12233344445
9988776655
1223334444555
9988776655
99887766554
122333444
1122334455667
122333444
1122334455
11223344
112233445
998877665544
11223344
11223344556
11223344556
11223344
122333444
9988776655443
9988776655443
122333444
1122334455667
12233344
1122334455
1122334455667
11223344
1122334455
1223334444555
12233344445
99887766554
112233445566
1223334444
998877665544
11223344556
1122334455667
998877665
112233445566
122333444455
9988776655
99887766554
12233344
11223344556
11223344556
99887766554
12233344
998877665
1122334455
1122334455667
122333444
99887766
1223334444
112233445566
1223334444555
112233445
99887766554
998877665
99887766
99887766554
11223344556
11223344556
112233445
112233445
998877665544
1122334455
11223344
99887766
998877665
998877665544
1223334444
122333444455
998877665
99887766
12233344445
122333444
11223344
998877665544
1223334444
12233344445
1223334444555
1223334444555
1122334455667
11223344
11223344556
1122334455
112233445566
11223344
122333444
1223334444
1223334444
11223344556
112233445566
1223334444
1223334444
1223334444
112233445566
12233344445
99887766554
1223334444
12233344
122333444
99887766
112233445
12233344445
112233445
1122334455
9988776655
122333444455
112233445
99887766
1122334455
9988776655443
1223334444
1122334455667
99887766
99887766
12233344
11223344
12233344445
9988776655
998877665544
112233445
1223334444
9988776655443
112233445566
11223344556
9988776655
12233344445
99887766
9988776655443
11223344556
11223344
122333444
1122334455
1223334444555
12233344445
12233344445
1223334444555
9988776655443
11223344556
112233445
1223334444
11223344
9988776655
12233344445
1223334444555
12233344445
998877665544
9988776655
11223344556
998877665
9988776655443
12233344
12233344
1223334444
1223334444
112233445566
1122334455
11223344
112233445566
9988776655
112233445
99887766554
112233445566
998877665544
11223344556
12233344
1122334455
1122334455667
1223334444555
11223344556
1122334455667
11223344556
1122334455667
112233445
1122334455
112233445
1122334455667
1223334444555
1223334444555
99887766
99887766554
112233445566
122333444455
122333444
112233445566
11223344
11223344
998877665544
112233445
998877665544
1223334444
12233344445
998877665
99887766
11223344556
998877665544
1223334444
12233344
1122334455
99887766
11223344
12233344
12233344
998877665544
1223334444
11223344556
1122334455
1122334455667
99887766
1122334455667
122333444
1223334444555
12233344
112233445
11223344556
122333444455
99887766554
9988776655
1223334444
1223334444
9988776655
998877665544
99887766
122333444
99887766554
99887766554
998877665544
112233445566
12233344445
99887766
112233445566
9988776655443
1122334455
998877665544
12233344445
122333444
11223344
112233445566
112233445
9988776655443
122333444
9988776655443
9988776655
99887766554
112233445566
1223334444
112233445
9988776655443
112233445
1122334455667
998877665544
112233445566
11223344556
998877665544
112233445
11223344556
998877665544
11223344
998877665544
99887766
99887766
1223334444555
112233445566
998877665
998877665
9988776655443
122333444
1223334444555
99887766554
12233344445
12233344445
11223344556
11223344
12233344445
11223344556
998877665544
998877665544
998877665544
9988776655
1223334444555
112233445566
9988776655
1122334455667
122333444
1122334455
112233445566
1223334444
1122334455667
9988776655
9988776655443
998877665
12233344445
9988776655443
122333444455
122333444455
11223344
122333444455
1122334455
1223334444555
1223334444555
1223334444555
998877665
11223344556
1122334455667
11223344556
99887766
9988776655
122333444455
998877665
9988776655
11223344556
9988776655
99887766554
11223344
1223334444
99887766554
998877665544
1223334444555
11223344
12233344
122333444
12233344445
112233445566
112233445
11223344556
122333444
11223344556
1223334444
1122334455667
998877665
112233445
1223334444
122333444
99887766
1122334455667
11223344
9988776655
11223344
9988776655443
998877665544
1223334444
1122334455
1223334444
9988776655
1223334444
9988776655443
112233445566
99887766554
9988776655443
9988776655443
11223344
122333444
998877665544
998877665
122333444
99887766554
1223334444
11223344556
11223344556
11223344556
112233445
998877665
99887766554
99887766
1122334455667
1223334444555
12233344445
1223334444555
11223344556
9988776655
11223344
998877665
9988776655
9988776655
11223344
122333444
1122334455667
998877665544
998877665544
998877665544
1122334455667
122333444
11223344556
99887766554
9988776655
12233344
12233344445
998877665
9988776655443
1122334455
112233445566
1223334444555
1122334455
112233445566
99887766554
11223344556
99887766554
12233344
122333444
1223334444555
112233445
12233344445
1223334444
99887766
99887766
12233344
122333444455
99887766554
1223334444555
1122334455
1223334444555
112233445566
122333444
1122334455
99887766
9988776655
99887766554
112233445566
998877665
1122334455
9988776655443
9988776655
9988776655443
11223344
1122334455667
9988776655443
12233344
122333444455
1122334455667
12233344445
112233445
998877665544
11223344
11223344556
9988776655
12233344
99887766554
1223334444
12233344445
1122334455
1223334444555
998877665
11223344556
1122334455667
112233445
998877665
9988776655
1122334455
99887766554
112233445566
112233445566
99887766554
998877665544
99887766554
11223344556
112233445
1122334455667
12233344
112233445
112233445566
99887766
12233344445
12233344445
998877665544
9988776655
9988776655443
122333444455
112233445566
99887766
112233445
112233445566
122333444
99887766
99887766
11223344556
9988776655443
11223344
1223334444555
99887766554
11223344
998877665
11223344
112233445566
1223334444
1223334444
9988776655
12233344445
112233445566
112233445566
122333444
998877665
998877665544
1122334455667
9988776655443
12233344
99887766554
9988776655
9988776655
99887766554
99887766554
9988776655443
99887766554
9988776655443
99887766
112233445
122333444
122333444455
12233344445
112233445566
9988776655443
112233445
122333444
99887766554
11223344
122333444
1223334444
122333444455
112233445566
9988776655
112233445566
12233344
9988776655
112233445566
1223334444555
122333444
1122334455
112233445
99887766554
1223334444
11223344
9988776655443
998877665544
11223344556
1122334455
998877665
998877665544
12233344
112233445
1223334444555
12233344445
99887766554
1122334455
11223344556
1122334455
122333444455
998877665544
9988776655
11223344556
998877665544
11223344
9988776655443
998877665
998877665544
122333444
11223344556
9988776655
12233344
11223344556
12233344445
1122334455
998877665
122333444455
11223344
998877665544
998877665544
12233344
112233445566
112233445566
1223334444555
122333444455
11223344556
112233445
998877665
998877665544
122333444
9988776655
9988776655
112233445566
9988776655443
998877665
122333444
9988776655443
1223334444
112233445566
1223334444555
112233445566
9988776655
99887766554
11223344
122333444
99887766
9988776655
12233344
12233344445
12233344445
9988776655
11223344
9988776655
99887766554
112233445
122333444
122333444455
9988776655
99887766
9988776655
1122334455667
1122334455
998877665
9988776655
112233445
1223334444
1122334455
1122334455
11223344556
11223344
12233344
1223334444555
1122334455667
9988776655443
9988776655
998877665
12233344
99887766
112233445566
998877665
998877665
112233445566
998877665544
122333444
99887766
122333444
998877665
998877665544
998877665544
12233344445
12233344
12233344445
998877665544
1223334444
9988776655
99887766
1223334444
112233445
998877665544
998877665544
1122334455667
1223334444555
1122334455667
112233445566
9988776655443
112233445566
122333444455
9988776655443
9988776655443
998877665
1223334444555
11223344
122333444455
1122334455667
1223334444555
99887766
9988776655
99887766
12233344
998877665544
122333444
112233445
1223334444
122333444
99887766
1223334444555
12233344445
1122334455
99887766
12233344
1122334455667
1223334444
99887766554
1122334455
1223334444555
112233445
1223334444
99887766
11223344556
99887766
12233344445
998877665
99887766
998877665544
112233445566
99887766
112233445
11223344556
112233445
998877665
1223334444
1223334444
11223344
12233344445
11223344556
12233344
1223334444555
12233344445
11223344556
112233445
9988776655443
1223334444555
99887766
112233445566
12233344
1223334444555
9988776655443
1223334444
99887766
1223334444555
998877665544
112233445566
1223334444555
1223334444555
1223334444
11223344
9988776655443
1122334455
11223344556
998877665
112233445
1223334444555
12233344
112233445
9988776655443
99887766554
1223334444555
1122334455667
1122334455667
122333444455
122333444455
9988776655
1122334455
12233344
11223344
11223344
998877665544
9988776655
9988776655
11223344556
12233344445
112233445
1223334444
1122334455
1122334455667
1223334444555
1223334444555
112233445566
9988776655
122333444455
1122334455667
122333444455
1122334455667
112233445566
998877665544
1122334455
9988776655
1122334455667
998877665544
99887766554
998877665544
1223334444
1122334455667
122333444455
11223344556
9988776655443
9988776655443
998877665
11223344556
122333444455
1122334455
9988776655
11223344
122333444
112233445
112233445
99887766554
1122334455
998877665
122333444
99887766554
1122334455667
122333444455
122333444
9988776655443
12233344445
99887766554
998877665544
1223334444555
1223334444555
9988776655443
12233344
1122334455
1223334444
998877665
1122334455
11223344556
112233445
1223334444555
12233344
998877665544
11223344556
122333444455
1223334444
12233344445
12233344
1223334444
1122334455667
998877665544
12233344
122333444
11223344556
12233344445
998877665
11223344556
998877665544
122333444455
99887766554
998877665544
122333444
122333444
122333444455
9988776655
998877665
12233344
122333444455
11223344
12233344445
9988776655
1122334455667
1122334455667
9988776655
11223344556
9988776655
12233344445
9988776655
122333444455
12233344
1122334455667
1122334455667
99887766
1122334455667
99887766
9988776655443
9988776655
998877665544
998877665544
1223334444
99887766554
9988776655
998877665
12233344445
122333444
11223344
9988776655
12233344
122333444
11223344
12233344445
122333444
1122334455667
998877665
112233445
998877665544
998877665
99887766554
9988776655
998877665
112233445566
99887766
1223334444
1122334455
9988776655443
9988776655
998877665
998877665544
9988776655
9988776655
122333444
99887766554
12233344445
11223344556
998877665
99887766554
112233445
122333444
9988776655443
1223334444555
122333444
1223334444
12233344
122333444455
122333444455
9988776655
1122334455
122333444
99887766
112233445566
122333444455
1122334455667
1223334444
1223334444
99887766554
998877665544
11223344
99887766
122333444
11223344556
1122334455
998877665
9988776655
998877665
998877665
1122334455
998877665
9988776655
122333444455
112233445566
1223334444555
11223344556
112233445
9988776655
122333444455
112233445
11223344
11223344
998877665
1223334444
112233445566
1122334455
99887766554
1122334455667
1122334455
122333444
1122334455667
99887766554
9988776655
99887766
998877665544
12233344445
9988776655
122333444455
12233344
112233445566
99887766554
1122334455667
1122334455667
99887766
1223334444555
12233344445
112233445566
112233445
9988776655443
12233344
99887766
9988776655
11223344
1223334444555
122333444455
11223344
99887766
1122334455
99887766554
112233445
112233445
99887766554
112233445
112233445566
1122334455
12233344445
122333444455
122333444455
11223344
122333444455
112233445
12233344445
1122334455667
1122334455
112233445566
1223334444555
12233344445
9988776655
9988776655
99887766554
122333444455
12233344445
12233344
9988776655443
9988776655443
122333444455
9988776655443
99887766554
1122334455
112233445566
122333444
1223334444
1223334444555
1223334444555
12233344
998877665544
998877665544
998877665
12233344445
99887766554
122333444
11223344556
99887766
998877665544
12233344
99887766554
112233445
112233445566
998877665
12233344445
122333444
998877665544
112233445
99887766554
998877665
112233445566
1122334455667
9988776655
1223334444555
1122334455667
9988776655443
122333444455
112233445566
99887766554
122333444455
99887766
99887766554
1223334444555
11223344
1223334444
9988776655443
122333444
12233344445
122333444455
122333444455
1122334455
112233445566
112233445566
998877665
11223344
9988776655
122333444455
122333444
1223334444
1223334444
9988776655
9988776655
12233344445
1234567890
iloveyou
welcome1
welcome2
welcomee
122333444
12233344
9988776655
11223344556
1223334444
998877665544
998877665
1223334444
998877665544
112233445566
99887766
99887766554
1223334444
1223334444555
1122334455
9988776655443
112233445566
9988776655443
1122334455
112233445
1122334455667
99887766
9988776655
9988776655443
122333444
112233445566
99887766554
1223334444
9988776655443
1122334455
122333444
1122334455667
12233344
99887766
11223344
6B64BL352E
12233344445
99887766554
1122334455667
1223334444
998877665
12233344445
1223334444
112233445566
99887766554
99887766
1122334455667
9988776655443
9988776655
122333444455
87654321*
998877665544
1122334455667
11223344
myhomewifione
wifiwifiwifi
wifiwifi
12121212
aaaaaaaa
qqqqqqqq
wwwwwwww
eeeeeeee
rrrrrrrr
tttttttt
yyyyyyyy
uuuuuuuu
iiiiiiii
oooooooo
pppppppp
ssssssss
dddddddd
ffffffff
gggggggg
hhhhhhhh
jjjjjjjj
kkkkkkkk
llllllll
zzzzzzzz
xxxxxxxx
cccccccc
vvvvvvvv
bbbbbbbb
nnnnnnnn
mmmmmmmm
********
########
$$$$$$$$
1222333344444555555666666677777778888888889999999999
adminadmin
admin1234
admin123admin
windows
mywifinetwork
batataa
fuckyouu
fuckyou1
fuckyou3
cucumber
